10th Helena Drive
1
34.0547000 -118.4794734 34.0544590 -118.4801137
11th Helena Drive
1
34.0549825 -118.4795629 34.0547778 -118.4802585
12th Helena Drive
1
34.0552554 -118.4796392 34.0550808 -118.4803801
13th Helena Drive
2
34.0555267 -118.4796954 34.0555356 -118.4798135
34.0555356 -118.4798135 34.0554131 -118.4804510
14th Helena Drive
1
34.0558289 -118.4798296 34.0557351 -118.4804917
15th Helena Drive
1
34.0561178 -118.4798886 34.0560908 -118.4805176
16th Helena Drive
2
34.0564067 -118.4798349 34.0564200 -118.4799368
34.0564200 -118.4799368 34.0564109 -118.4805269
17th Helena Drive
1
34.0568080 -118.4798130 34.0567492 -118.4805550
17th Street
12
34.0420561 -118.5011699 34.0419265 -118.5010322
34.0419265 -118.5010322 34.0411467 -118.5001646
34.0411467 -118.5001646 34.0404270 -118.4992792
34.0404270 -118.4992792 34.0388859 -118.4974725
34.0388859 -118.4974725 34.0372358 -118.4955413
34.0372358 -118.4955413 34.0356922 -118.4937358
34.0356922 -118.4937358 34.0347833 -118.4926880
34.0347833 -118.4926880 34.0344973 -118.4923532
34.0344973 -118.4923532 34.0331537 -118.4907954
34.0331537 -118.4907954 34.0318198 -118.4892245
34.0318198 -118.4892245 34.0304673 -118.4876393
34.0304673 -118.4876393 34.0290818 -118.4859930
18th Helena Drive
1
34.0570956 -118.4798027 34.0570788 -118.4805660
18th Street
6
34.0426164 -118.5001481 34.0411322 -118.4984104
34.0411322 -118.4984104 34.0395903 -118.4966053
34.0395903 -118.4966053 34.0379395 -118.4946729
34.0379395 -118.4946729 34.0363939 -118.4928633
34.0363939 -118.4928633 34.0353076 -118.4915916
34.0353076 -118.4915916 34.0352087 -118.4914758
19th Helena Drive
1
34.0586398 -118.4803614 34.0583443 -118.4809622
19th Street
7
34.0434156 -118.4994193 34.0432984 -118.4992822
34.0432984 -118.4992822 34.0418242 -118.4975577
34.0418242 -118.4975577 34.0402817 -118.4957534
34.0402817 -118.4957534 34.0386298 -118.4938210
34.0386298 -118.4938210 34.0370890 -118.4920187
34.0370890 -118.4920187 34.0359966 -118.4907409
34.0359966 -118.4907409 34.0358984 -118.4906260
1st Anita Drive
1
34.0543692 -118.4825025 34.0541771 -118.4831531
1st Helena Drive
1
34.0519203 -118.4780465 34.0517513 -118.4790008
20th Helena Drive
1
34.0589220 -118.4806296 34.0585865 -118.4812277
20th Street
5
34.0439606 -118.4984315 34.0425011 -118.4967245
34.0425011 -118.4967245 34.0409583 -118.4949203
34.0409583 -118.4949203 34.0393055 -118.4929872
34.0393055 -118.4929872 34.0377702 -118.4911918
34.0377702 -118.4911918 34.0365743 -118.4897933
21st Court
5
34.0456817 -118.4962514 34.0446620 -118.4950578
34.0446620 -118.4950578 34.0427109 -118.4927746
34.0427109 -118.4927746 34.0410514 -118.4908326
34.0410514 -118.4908326 34.0394911 -118.4890064
34.0394911 -118.4890064 34.0386443 -118.4880154
21st Helena Drive
1
34.0591820 -118.4810534 34.0587665 -118.4815362
21st Place
7
34.0453190 -118.4966977 34.0443593 -118.4955823
34.0443593 -118.4955823 34.0438832 -118.4950204
34.0438832 -118.4950204 34.0423584 -118.4932390
34.0423584 -118.4932390 34.0406852 -118.4912844
34.0406852 -118.4912844 34.0391336 -118.4894718
34.0391336 -118.4894718 34.0382807 -118.4884756
34.0382807 -118.4884756 34.0379555 -118.4880916
21st Street
6
34.0461952 -118.4970513 34.0457128 -118.4964924
34.0446433 -118.4975646 34.0431928 -118.4958717
34.0431928 -118.4958717 34.0416598 -118.4940824
34.0416598 -118.4940824 34.0399937 -118.4921379
34.0399937 -118.4921379 34.0384409 -118.4903255
34.0384409 -118.4903255 34.0372630 -118.4889476
220 kV + Electrode Line of HVDC Pacific DC Intertie
1
34.0693651 -118.4889834 34.0682329 -118.4885246
22nd Court
6
34.0463922 -118.4953255 34.0451373 -118.4938469
34.0451373 -118.4938469 34.0434431 -118.4918523
34.0434431 -118.4918523 34.0417885 -118.4899228
34.0417885 -118.4899228 34.0402250 -118.4880989
34.0402250 -118.4880989 34.0393693 -118.4871013
34.0393693 -118.4871013 34.0390561 -118.4867356
22nd Helena Drive
1
34.0593775 -118.4814155 34.0589353 -118.4818553
22nd Street
6
34.0460444 -118.4957793 34.0448457 -118.4943790
34.0448457 -118.4943790 34.0430693 -118.4923038
34.0430693 -118.4923038 34.0414202 -118.4903773
34.0414202 -118.4903773 34.0398696 -118.4885660
34.0398696 -118.4885660 34.0390060 -118.4875572
34.0390060 -118.4875572 34.0386894 -118.4871874
23rd Helena Drive
1
34.0595509 -118.4817722 34.0591176 -118.4822040
23rd Street
6
34.0468693 -118.4950154 34.0467556 -118.4948695
34.0467556 -118.4948695 34.0454840 -118.4934065
34.0454840 -118.4934065 34.0438060 -118.4914386
34.0438060 -118.4914386 34.0421285 -118.4895033
34.0421285 -118.4895033 34.0405663 -118.4876503
34.0405663 -118.4876503 34.0394310 -118.4862737
24th Helena Drive
1
34.0597620 -118.4820860 34.0593042 -118.4825366
24th Street
6
34.0484377 -118.4946008 34.0477227 -118.4938310
34.0474086 -118.4940083 34.0461524 -118.4925496
34.0461524 -118.4925496 34.0444832 -118.4905975
34.0444832 -118.4905975 34.0427975 -118.4886776
34.0427975 -118.4886776 34.0412237 -118.4869104
34.0412237 -118.4869104 34.0400899 -118.4854617
25th Court
2
34.0410307 -118.4843027 34.0396935 -118.4827384
34.0396935 -118.4827384 34.0383519 -118.4811732
25th Helena Drive
1
34.0599842 -118.4823703 34.0595220 -118.4828799
25th Street
7
34.0406307 -118.4847955 34.0392946 -118.4832200
34.0392946 -118.4832200 34.0379633 -118.4816522
34.0479273 -118.4930251 34.0466100 -118.4914852
34.0466100 -118.4914852 34.0451518 -118.4897649
34.0451518 -118.4897649 34.0434797 -118.4878356
34.0434797 -118.4878356 34.0419023 -118.4860503
34.0419023 -118.4860503 34.0407587 -118.4846377
26th Court
1
34.0414228 -118.4828695 34.0394992 -118.4806254
26th Street
20
34.0466963 -118.4899691 34.0464327 -118.4896608
34.0464327 -118.4896608 34.0457981 -118.4889389
34.0484508 -118.4920207 34.0483083 -118.4918540
34.0480477 -118.4915421 34.0476495 -118.4910837
34.0476495 -118.4910837 34.0469402 -118.4902543
34.0483083 -118.4918540 34.0480477 -118.4915421
34.0414298 -118.4838109 34.0410353 -118.4833496
34.0410353 -118.4833496 34.0400877 -118.4822416
34.0400877 -118.4822416 34.0391052 -118.4810928
34.0391052 -118.4810928 34.0388121 -118.4807501
34.0457981 -118.4889389 34.0456846 -118.4888048
34.0417134 -118.4841425 34.0414298 -118.4838109
34.0440207 -118.4868404 34.0427581 -118.4853640
34.0443076 -118.4871778 34.0441570 -118.4869998
34.0426148 -118.4851965 34.0425002 -118.4850625
34.0469402 -118.4902543 34.0466963 -118.4899691
34.0425002 -118.4850625 34.0417134 -118.4841425
34.0456846 -118.4888048 34.0443076 -118.4871778
34.0427581 -118.4853640 34.0426148 -118.4851965
34.0441570 -118.4869998 34.0440207 -118.4868404
2nd Anita Drive
1
34.0546892 -118.4826570 34.0544901 -118.4832406
2nd Helena Drive
1
34.0522562 -118.4780949 34.0521110 -118.4788549
3 x 220 kV + Electrode Line of HVDC Pacific DC Intertie
49
34.1781100 -118.5430717 34.1767402 -118.5430486
34.1767402 -118.5430486 34.1751354 -118.5433319
34.1751354 -118.5433319 34.1728133 -118.5433320
34.1728133 -118.5433320 34.1717339 -118.5439671
34.1717339 -118.5439671 34.1694473 -118.5439757
34.1694473 -118.5439757 34.1676577 -118.5437182
34.1676577 -118.5437182 34.1654064 -118.5437438
34.1654064 -118.5437438 34.1630557 -118.5437354
34.1630557 -118.5437354 34.1606198 -118.5435723
34.1606198 -118.5435723 34.1587070 -118.5434201
34.1587070 -118.5434201 34.1574951 -118.5429292
34.1574951 -118.5429292 34.1557285 -118.5421192
34.1557285 -118.5421192 34.1530916 -118.5394316
34.1530916 -118.5394316 34.1515199 -118.5378922
34.1515199 -118.5378922 34.1497221 -118.5360413
34.1497221 -118.5360413 34.1465033 -118.5329301
34.1465033 -118.5329301 34.1427763 -118.5304410
34.1427763 -118.5304410 34.1414464 -118.5295423
34.1414464 -118.5295423 34.1395907 -118.5283380
34.1395907 -118.5283380 34.1373329 -118.5267905
34.1373329 -118.5267905 34.1353637 -118.5259106
34.1353637 -118.5259106 34.1324975 -118.5261949
34.1324975 -118.5261949 34.1291894 -118.5265089
34.1291894 -118.5265089 34.1282545 -118.5258999
34.1282545 -118.5258999 34.1259476 -118.5208278
34.1259476 -118.5208278 34.1239426 -118.5150235
34.1239426 -118.5150235 34.1227659 -118.5116064
34.1227659 -118.5116064 34.1199681 -118.5081785
34.1199681 -118.5081785 34.1179652 -118.5054777
34.1179652 -118.5054777 34.1151116 -118.5042196
34.1151116 -118.5042196 34.1129109 -118.5032300
34.1129109 -118.5032300 34.1107925 -118.5022401
34.1107925 -118.5022401 34.1071569 -118.4998583
34.1071569 -118.4998583 34.1050382 -118.4982034
34.1050382 -118.4982034 34.1019000 -118.4960442
34.1019000 -118.4960442 34.0989151 -118.4966827
34.0989151 -118.4966827 34.0941062 -118.4976401
34.0941062 -118.4976401 34.0905899 -118.4969255
34.0905899 -118.4969255 34.0873336 -118.4961327
34.0873336 -118.4961327 34.0842813 -118.4954261
34.0842813 -118.4954261 34.0823863 -118.4952679
34.0823863 -118.4952679 34.0797738 -118.4945033
34.0797738 -118.4945033 34.0778077 -118.4929451
34.0778077 -118.4929451 34.0764503 -118.4917944
34.0764503 -118.4917944 34.0754972 -118.4918239
34.0754972 -118.4918239 34.0734932 -118.4906893
34.0734932 -118.4906893 34.0725023 -118.4899517
34.0725023 -118.4899517 34.0710937 -118.4898605
34.0710937 -118.4898605 34.0693651 -118.4889834
3rd Anita Drive
1
34.0547977 -118.4834090 34.0549878 -118.4828115
3rd Helena Drive
1
34.0526090 -118.4781130 34.0524847 -118.4788976
4th Anita Drive
1
34.0552729 -118.4829473 34.0550897 -118.4835685
4th Helena Drive
1
34.0529258 -118.4781842 34.0528047 -118.4789577
5th Anita Drive
2
34.0556141 -118.4830701 34.0554240 -118.4836197
34.0554240 -118.4836197 34.0554084 -118.4837443
5th Helena Drive
1
34.0532841 -118.4783010 34.0530816 -118.4790435
6th Helena Drive
1
34.0536316 -118.4785416 34.0533596 -118.4792194
7th Helena Drive
1
34.0539359 -118.4787979 34.0536412 -118.4794295
8th Helena Drive
1
34.0542197 -118.4790736 34.0538660 -118.4796699
9th Helena Drive
2
34.0544701 -118.4792316 34.0544518 -118.4793246
34.0544518 -118.4793246 34.0541514 -118.4799152
Acanto Place
12
34.0828080 -118.4723140 34.0825946 -118.4728328
34.0825946 -118.4728328 34.0829284 -118.4731139
34.0829284 -118.4731139 34.0830262 -118.4731461
34.0830262 -118.4731461 34.0831550 -118.4731837
34.0831550 -118.4731837 34.0832706 -118.4732534
34.0832706 -118.4732534 34.0836971 -118.4734680
34.0836971 -118.4734680 34.0838570 -118.4735270
34.0838570 -118.4735270 34.0842219 -118.4736235
34.0842219 -118.4736235 34.0843133 -118.4735946
34.0843133 -118.4735946 34.0843712 -118.4735375
34.0843712 -118.4735375 34.0845569 -118.4732741
34.0845569 -118.4732741 34.0848034 -118.4735646
